   0.0000000000000000     
   1.3788659871561296E-003
   1.4996112626923736E-003
   1.5961210855655397E-003
   1.6632567744136971E-003
   1.9345607408503022E-003
   3.0952676592769656E-003
   6.2289938516278632E-003
   2.2970756402413573E-002
  0.17231704480901069     
  0.43061031642964470     
  0.19084517659242839     
  0.12024470731415603     
  0.17944755617558905     
  0.21734827529291403     
  0.14300690346946734     
   6.3200457775540328E-002
   2.8038931586554860E-002
   1.5346852829872672E-002
   1.7871693184861280E-002
   2.1269831467088361E-002
   1.9800236884413611E-002
   3.9462723726197857E-002
   4.7849383136796347E-002
   2.6751943692051149E-002
   2.0045423922857034E-002
   2.1142128906286469E-002
   2.0149428850974847E-002
   1.2119246510867312E-002
   7.1468770989377211E-003
   4.7780391917169891E-003
   3.4923139590222825E-003
   2.5675051697283805E-003
   1.7893978118349238E-003
   1.1811962648485227E-003
   7.7185879452672376E-004
   5.0290368314889658E-004
   3.2786328389112102E-004
   2.1484918909979973E-004
   1.4541835222423778E-004
   9.8309375320453017E-005
   6.5975163611877970E-005
   4.4904386260909497E-005
   3.4407498306507701E-005
   2.8167503499470205E-005
   2.4155670600944924E-005
   2.1438447197616012E-005
   1.9625657142854278E-005
   1.8328727066074201E-005
   1.7359411453794339E-005
   1.6615128285118801E-005
   1.6022431050807512E-005
   1.5538747214736638E-005
   1.5139919956966627E-005
   1.4804116853678978E-005
   1.4514755395698838E-005
   1.4261244131847018E-005
   1.4033280857314252E-005
   1.3817418119877615E-005
   1.3611113967977337E-005
   1.3406922090246011E-005
   1.3208107398381463E-005
   1.3015829671950232E-005
   1.2828243738247191E-005
   1.2651159055002560E-005
   1.2486796618413840E-005
   1.2331768954600501E-005
   1.2187754336927854E-005
   1.2047211747638263E-005
   1.1907580777429934E-005
   1.1766344354469034E-005
