   0.0000000000000000     
   1.1954768105210096E-005
   2.5853298165136422E-005
   4.1195885214587241E-005
   5.7182767900381265E-005
   8.3089383814982445E-005
   1.5946818979880017E-004
   3.7430024053015611E-004
   1.5771721345383188E-003
   1.3308045370220555E-002
   3.6946365148731106E-002
   1.8010059314621112E-002
   1.2377990170667531E-002
   2.0010196988770799E-002
   2.6099180896733860E-002
   1.8397838131063125E-002
   8.6723668158364790E-003
   4.0877958359502023E-003
   2.3689402027903456E-003
   2.9118349705765548E-003
   3.6477760965672739E-003
   3.5654286557413452E-003
   7.4442482036416041E-003
   9.4363768483264471E-003
   5.5050149729058747E-003
   4.2967366178318514E-003
   4.7130033757558079E-003
   4.6643912846808990E-003
   2.9093463173804372E-003
   1.7769280530983108E-003
   1.2289116801027123E-003
   9.2815228088443671E-004
   7.0436936825976290E-004
   5.0623853494382893E-004
   3.4429508727651278E-004
   2.3159623129676850E-004
   1.5520613469279540E-004
   1.0399495501703423E-004
   6.9989271840902636E-005
   4.8617717698966730E-005
   3.3710284797276908E-005
   2.3188290754597701E-005
   1.6167375229332478E-005
   1.2682947950728278E-005
   1.0624218969903743E-005
   9.3180499342927097E-006
   8.4536084989453777E-006
   7.9069810062682695E-006
   7.5415380385923384E-006
   7.2914735929240802E-006
   7.1212439829899259E-006
   7.0045261824705335E-006
   6.9262411834866144E-006
   6.8782170356402194E-006
   6.8525296092223768E-006
   6.8429814312943605E-006
   6.8456824081620002E-006
   6.8565206940685870E-006
   6.8694675924723719E-006
   6.8835486670197755E-006
   6.8951800310086861E-006
   6.9061231153874252E-006
   6.9171325208574731E-006
   6.9273799010876253E-006
   6.9401728343905648E-006
   6.9570187359470171E-006
   6.9763283329948151E-006
   6.9993054381529780E-006
   7.0218378392275681E-006
   7.0425004991949566E-006
   7.0598066126814206E-006
