   0.0000000000000000     
   1.3989790586877611E-003
   1.5176674756618052E-003
   1.6100901653019800E-003
   1.6722179083923268E-003
   1.9099281707139152E-003
   2.8651149149082687E-003
   5.4510060103140747E-003
   2.0206232284021988E-002
  0.15945131433862822     
  0.39990300748220070     
  0.17993178771685148     
  0.13095518794434816     
  0.20470950556142234     
  0.24261086911468624     
  0.15666110665424804     
   7.3371733928442401E-002
   3.6356531033520843E-002
   2.0385373312315443E-002
   2.7143039566119940E-002
   3.5220086923084724E-002
   3.0187467160158941E-002
   4.4408811344454319E-002
   4.8274937089640653E-002
   2.6363774042994656E-002
   1.8372046177475846E-002
   1.7513030778622093E-002
   1.5987063414469059E-002
   1.0133495573165913E-002
   6.2976420602333287E-003
   4.2202510278240369E-003
   2.9589268376462390E-003
   2.0918233665174475E-003
   1.4289854575496733E-003
   9.4403564636598664E-004
   6.2152278827047158E-004
   4.0995196775061747E-004
   2.7103571772692708E-004
   1.7855111436998754E-004
   1.2104342817921653E-004
   8.3594324840013395E-005
   5.9028978051170358E-005
   4.2674001770271482E-005
   3.3639757423253621E-005
   2.7966557878355504E-005
   2.4189189134035343E-005
   2.1565761313283449E-005
   1.9783504375041560E-005
   1.8488740093788947E-005
   1.7506779412460287E-005
   1.6742098431813607E-005
   1.6128331585787320E-005
   1.5624910367677054E-005
   1.5209934746564150E-005
   1.4860980457109308E-005
   1.4560886500235573E-005
   1.4299066680846249E-005
   1.4064624510731548E-005
   1.3843606036635470E-005
   1.3633322486848013E-005
   1.3426055575094938E-005
   1.3224805199447309E-005
   1.3030572782997025E-005
   1.2841420746316744E-005
   1.2663068533952917E-005
   1.2497672954980072E-005
   1.2341804362788460E-005
   1.2197144359718847E-005
   1.2056061732036183E-005
   1.1915973219989315E-005
   1.1774354137762869E-005
