   0.0000000000000000     
   1.2129148435339258E-005
   2.6164587276685113E-005
   4.1556427162550991E-005
   5.7490851686545210E-005
   8.2031414927682410E-005
   1.4761072040945649E-004
   3.2755095114737936E-004
   1.3873599085757382E-003
   1.2314425006021239E-002
   3.4311678041106901E-002
   1.6980162806456159E-002
   1.3480527046717089E-002
   2.2827156964733104E-002
   2.9132713162801215E-002
   2.0154451370758060E-002
   1.0068069329517881E-002
   5.3004186593074640E-003
   3.1466862244507563E-003
   4.4224154364579642E-003
   6.0402449072454777E-003
   5.4358572114764385E-003
   8.3772781719409356E-003
   9.5203003433661504E-003
   5.4251374225236740E-003
   3.9380480981121117E-003
   3.9040048211426278E-003
   3.7008453097906336E-003
   2.4326469472788497E-003
   1.5657827454264943E-003
   1.0854485643502503E-003
   7.8639398563707633E-004
   5.7387082236752790E-004
   4.0427427579346997E-004
   2.7516751020153129E-004
   1.8648791261976995E-004
   1.2651937628669255E-004
   8.5969819305481223E-005
   5.8164811016960940E-005
   4.0468449343022046E-005
   2.8664493987550090E-005
   2.0746914915583067E-005
   1.5364347597325422E-005
   1.2399950983752738E-005
   1.0548426300531889E-005
   9.3309797084323093E-006
   8.5038110010352503E-006
   7.9705760776440736E-006
   7.6073769989757201E-006
   7.3533725566024265E-006
   7.1756633878632274E-006
   7.0508227193475836E-006
   6.9646475472782198E-006
   6.9100254547022269E-006
   6.8788506339781760E-006
   6.8647299405281787E-006
   6.8638379881325916E-006
   6.8718348896917284E-006
   6.8824871771676949E-006
   6.8947801812682329E-006
   6.9050203822664821E-006
   6.9148538946307188E-006
   6.9249675997921762E-006
   6.9344956172152615E-006
   6.9467061363531494E-006
   6.9630784868648913E-006
   6.9820055641149065E-006
   7.0046980343416163E-006
   7.0269961411337390E-006
   7.0474640414978506E-006
   7.0646124826577213E-006
