   1.0000012499991557     
   1.0093523789981402     
   1.0364865652669339     
   1.0800643614937011     
   1.1381986206102412     
   1.2087909765338358     
   1.2897975034634324     
   1.3793846544498347     
   1.4759908197286278     
   1.5783276671575495     
   1.6853515953376339     
   1.7962249928390186     
   1.9102777022967798     
   2.0269731189350559     
   2.1458801457394263     
   2.2666507505287008     
   2.3890023231186470     
   2.5127039270197695     
   2.6375656200093229     
   2.7634301555946843     
   2.8901665176673244     
   3.0176648629098604     
   3.1458325447862947     
   3.2745909706149177     
   3.4038731027800071     
   3.5336214603188538     
   3.6637865112234653     
   3.7943253715015515     
   3.9252007464355327     
   4.0563800641478425     
   4.1878347627162134     
   4.3195397005714584     
   4.4514726664118571     
   4.5836139698725846     
   4.7159460980603516     
   4.8484534260741849     
   4.9811219719868998     
   5.1139391886109795     
   5.2468937858328992     
   5.3799755784587893     
   5.5131753554384950     
   5.6464847670755365     
   5.7798962274264145     
   5.9134028295745598     
   6.0469982718554709     
   6.1806767934285300     
   6.3144331178522455     
   6.4482624035342111     
   6.5821602001042683     
   6.7161224099059451     
   6.8501452539231105     
   6.9842252415604502     
   7.1183591437813263     
   7.2525439691780313     
   7.3867769426094334     
   7.5210554860918561     
   7.6553772016719552     
   7.7897398560468876     
   7.9241413667281551     
   8.0585797895720805     
   8.1930533075226126     
   8.3275602204316179     
   8.4620989358387479     
   8.5966679606072844     
   8.7312658933250109     
   8.8658914173900030     
   9.0005432947105568     
   9.1352203599567812     
   9.2699215153084733     
   9.4046457256501341     
   9.5393920141694561     
